header:
  seq: 0
  stamp:
    secs: 0
    nsecs: 0
  frame_id: ''
#change image resolution if needs
height: 1080
width: 1920
# change the distortion_model and R if needs.
# change D and K for sure.
distortion_model: plumb_bob
D: [-0.658205622490702, 0.536325913805944, -0.00295885808901429, 0.00096528991796385, -2.15623703072514]
K: [3979.30602335778, 0.0, 939.85869006679, 0.0, 3981.0580490262, 514.030837669208, 0.0, 0.0, 1.0]
R: [1.0, 0.0, 0.0, 0.0, 1.0, 0.0, 0.0, 0.0, 1.0]
binning_x: 0
binning_y: 0
roi:
  x_offset: 0
  y_offset: 0
  height: 0
  width: 0
  do_rectify: False
